83 104 2
83 104 3
83 104 4
164 26 2
164 26 3
164 26 4
33 7 2
33 7 3
33 7 4
155 32 2
155 32 3
155 32 4
11 190 2
11 190 3
11 190 4
523 75 2
523 75 3
523 75 4
0 108 2
0 108 3
0 108 4
220 103 2
220 103 3
220 103 4
155 7 2
155 7 3
155 7 4
35 34 2
35 34 3
35 34 4
346 0 2
346 0 3
346 0 4
119 159 2
119 159 3
119 159 4
428 29 2
428 29 3
428 29 4
49 8 2
49 8 3
49 8 4
154 4 2
154 4 3
154 4 4
10 15 2
10 15 3
10 15 4
271 3 2
271 3 3
271 3 4
86 145 2
86 145 3
86 145 4
20 1 2
20 1 3
20 1 4
288 159 2
288 159 3
288 159 4
0 0
